[#################################]





[0.19785904760085843,-0.0026761904989269373,-0.018591685586211576,0.07849283444622426,0.0450702947629267,0.03233789869309905,0.009601477139835475,-0.017000136077483016,0.008995172565081724,-0.025594503424616718,0.012081814036555111,-0.0408733787084099,-0.01663285542162263,0.004144735967052134,-0.032597321263022,-0.011031825419751362,-0.029077188231951923,0.018544469617452396,0.02999245731181504,0.0326562085948447,-0.009497116964906007,0.010345578208851366,0.026802074314913143,0.023584376395092584,0.0007615564399264308,0.016422403605814546,-0.032738792330464464,-0.03405245224243083,-0.02803122060349756,0.008146346160426499,-0.0029842323393259955,-0.006257176893565956,0.005715616001641284,0.009119999977531042,0.0014163653806605336,-0.01010342153965976,-0.01274166577034474,-0.0001632175904084214,0.008342229176885409,-0.00936069843558642,0.014326216447976995,0.0036900075359868906,0.011758793417447339,0.005136870725739988,0.006873106553443734,-0.0006002563571071893,0.0007778105625687713,0.01602451622863237,-0.011835720324670297,0.008400994081823024,0.006124142078747965,-0.0012070678754852629,-0.01727039920160677,-0.008688710865234527,0.0034006348980362426,0.009601477139835475,-0.012895613660235936,0.006543820448189666,-0.018699587247820178,0.002735077830749781,-0.00784220365840615,0.005024855511049383,-0.0034340712173690563,0.015527157007154756,0.001290440584365541,0.01815863943351829,0.012574179420530726,-0.00660825399107955,0.011024974837083229,0.008782965963917953,-0.005231636188997954,0.006873106553443734,0.007396355706998285,-0.0013857449513092483,-0.00433140198800449,0.0013445661547028859,-0.005776611619826553,-0.016877709192196267,0.01170819366856818,-0.003153655351545492,-0.019534826035828397,0.01712113265842697,-0.013145901725020202,-0.010406573827036636,0.010917514716800804,-0.016000791037118652,0.009287871325307609,0.0014473695918694406,0.0021521057635077116,-0.00012971128496140608,-5.2757242781140694e-05,0.0023060514414403447,-0.0017520649777297617,0.0064667534873855065,-0.0007663310884528595,-0.0008856973016074982,0.007857570167090197,0.0037549687404248226,-0.009138846079824361,-0.025594503424616718,-0.0005015981008623836,0.02016722597929325,0.01058157142815084,-0.0012070678754852629,-0.0029490275575661112,-0.013126364631709995,0.007944055755578782,0.012178271582538567,-0.009071591277120157,-0.013961723379001494,0.007217225366141775,-0.004210898953772291,-0.013746614515392152,0.0015120976819373972,-0.013055861208025536,-0.005969051551468611,-0.0056960536693347365,0.00217938427346492,-0.004682345341861958,0.0008252184202757034,-0.013014685654799438,-0.007998749511723758,0.006096740939429852,0.005948981032246559,0.008859360340336854,-0.004949832654253294,0.00807616759941176,-0.008047670090885537,-0.01266964090257069,-0.008993417779726037,0.011975784367687727,-0.005714603197408598,0.006298712745782411,-0.00709452197091937,-0.0016151574931079424,-0.010399886644226837,0.00924300509198839,-0.0012922344043805327,-0.0005464911563119768,-0.01631804343088522,-0.010193722221006047,-0.0022726990741789564,-0.004746317831958342,-0.006124547767838565,0.007136535437647045,0.01249803495415534,0.0024557446516668842,-0.006031348922732872,-0.010687345744204447,-0.0067505572412717586,0.0018138763270222405,0.007250052489721525,0.01673447213693777,0.0021604664496764243,0.005764155928007236,0.003077873109552871,0.009184401381406084,0.010620299067665153,-0.001535079530404638,0.0010241621088667207,-0.004159000600226717,-0.00668453740979857,-0.007538715991851876,-0.00465592281466237,-0.006438034792285076,0.011475177422056136,-0.01233985039024825,-0.011088666473634571,-0.009513261169559263,0.0037274557597216152,0.004862728226628893,0.001321189662530507,0.002788436137978842,-0.005859289516383922,-0.007641824966159737,0.0006877664172490255,0.0044992699980521056,-0.013191146803784679,0.001858391900243478,-0.0018273640942718544,-0.0009351584396549121,0.00047192940844801857,-0.002832736352244545,-0.005893888418747497,-0.0003533885132151256,0.0019444371070589397,0.0016643990703324972,-0.0009491899681790122,-0.0036361727422869264,-0.002977747247949227,0.0036733420961048346,-0.007550310869407923,-0.004012102521797527,0.0009663248715649507,-0.0039004593517949753,-0.0030659577255543894,-0.015424744431787324,-0.0005541244872890889,-0.007714764320529665,0.0014300072335923792,-0.008234736544336742,-0.00021795561415823142,0.011012703305210376,-0.002395328820916006,-0.0034680834252211667,0.002330237081927566,-0.005028915859655994,-0.00010522590790411316,0.008700723214184511,-0.0015848422643702405,-0.00435071178299197,-0.007540926733153596,0.013059975066247285,0.0066946150197546295,0.004119355775550746,-0.006124547767838565,-0.0006959215249330909,-0.0032018398779565596,0.0007685330953072524,-0.00519373244909746,-0.0028058189657012567,-0.021258606384621428,0.0028478423250901438,0.0018426732847842432,-8.726996472865194e-05,0.005267472535788452,0.0019932895575185947,0.005700385862801732,0.002619707866361592,-0.0057485730288201415,-0.005032510550810662,-0.002923155077867559,0.006545233693276587,-0.003737223504745932,-0.0001974367959712284,0.004607171659660848,0.008484802258485215,0.004786705516791284,0.007832031780460099,0.005122402093842414,-0.006361188946522326,0.014370488536710068,0.012846329401017173,-0.001971734158997915,-0.0011560983150801704,-0.0008129130252936218,-0.0008591177804596962,-0.00906805868720733,0.0013506215111088794,][#################################]



[#################################]





[100,200,300,400,500,600,700,800,900,1000,1100,1200,1300,1400,1500,1600,1700,1800,1900,2000,2100,2200,2300,2400,2500,2600,2700,2800,2900,3000,3100,3200,3300,3400,3500,3600,3700,3800,3900,4000,4100,4200,4300,4400,4500,4600,4700,4800,4900,5000,5100,5200,5300,5400,5500,5600,5700,5800,5900,6000,6100,6200,6300,6400,6500,6600,6700,6800,6900,7000,7100,7200,7300,7400,7500,7600,7700,7800,7900,8000,8100,8200,8300,8400,8500,8600,8700,8800,8900,9000,9100,9200,9300,9400,9500,9600,9700,9800,9900,10000,10100,10200,10300,10400,10500,10600,10700,10800,10900,11000,11100,11200,11300,11400,11500,11600,11700,11800,11900,12000,12100,12200,12300,12400,12500,12600,12700,12800,12900,13000,13100,13200,13300,13400,13500,13600,13700,13800,13900,14000,14100,14200,14300,14400,14500,14600,14700,14800,14900,15000,15100,15200,15300,15400,15500,15600,15700,15800,15900,16000,16100,16200,16300,16400,16500,16600,16700,16800,16900,17000,17100,17200,17300,17400,17500,17600,17700,17800,17900,18000,18100,18200,18300,18400,18500,18600,18700,18800,18900,19000,19100,19200,19300,19400,19500,19600,19700,19800,19900,20000,20100,20200,20300,20400,20500,20600,20700,20800,20900,21000,21100,21200,21300,21400,21500,21600,21700,21800,21900,22000,22100,22200,22300,22400,22500,22600,22700,22800,22900,23000,23100,23200,23300,23400,23500,23600,23700,23800,23900,24000,24100,24200,24300,24400,24500,24600,24700,24800,24900,][#################################]



