[#################################]





[0,-0.6835285124245123,-1.3205082776705255,-0.6626212563216269,-1.6415812827884046,-1.8282971203357008,-2.8280020137951953,-3.767270396214624,-3.3811099858151437,-3.985740196293476,-4.562880722429488,-5.067763429201632,-4.068886950650376,-4.355722895154264,-4.20439986576005,-5.05465959544063,-5.965313196607118,-5.116773288699527,-5.510787443988745,-6.463001224673529,-6.1186609949274695,-6.70144727381379,-7.690327112315173,-8.401200046501426,-7.493256305979592,-7.973093777304423,-7.830254558028087,-6.873166933703407,-5.877191647817552,-6.661702735791872,-7.2628316373071415,-6.352274732404336,-7.2573267651460185,-6.257563872262503,-6.613717835968022,-6.040677712900359,-5.354794332632511,-4.8549267864621255,-5.839760070725623,-6.69761700586028,-7.281540522538017,-7.9675835610798025,-8.339753816662304,-9.301896441338679,-10.042173936067842,-9.886376182832738,-9.013838083163362,-9.916898079612938,-9.763037311013507,-9.937738394320107,-10.133564684337058,-10.830677375043145,-11.830587943279689,-11.050423259143956,-11.999227213744886,-11.002214009071254,-11.820745342285967,-11.322484019231917,-12.240749181674518,-11.257483909367204,-12.236285057581513,-11.802513779716863,-12.396554334682495,-12.08535809918588,-11.61896550212811,-10.677506048855166,-11.625800425239373,-12.127748778673793,-11.128338458681279,-10.549438485844743,-11.133666368549035,-12.053332462846292,-11.053558416046222,-12.04955675556714,-13.049094380309024,-13.177388982110852,-13.411125827269963,-14.218471736737534,-13.27502288508298,-13.503713416774485,-14.372155005747464,-15.223529356031788,-14.533230573621383,-13.864831810042123,-14.864495178523748,-14.030176927381978,-14.120032650403683,-14.380438930246155,-13.933489875346895,-12.978956879817964,-12.402473037671902,-12.547340233982352,-12.372487196473461,-11.43033215825803,-11.58184859416479,-11.033639832254737,-11.50768037164298,-12.13674494034145,-11.138527324116621,-11.776407676951255,-11.050404066523015,-11.454986411301382,-11.734052032196134,-12.208499567477341,-12.037188891363725,-12.960432852329749,-12.92460873338307,-13.912042509078326,-14.578793222570004,-15.464538437076738,-16.417631588478116,-16.391931007297305,-16.72233680879453,-15.760242287535112,-14.829785908811193,-15.690151810801922,-15.381366555553923,-14.490178949701336,-14.06217097908262,-13.074708956791056,-12.773540574656037,-11.792283266798652,-11.150748570037527,-11.21692190073956,-10.43350740456266,-11.37650119226324,-10.40151594399695,-9.584149811858337,-10.077298003428037,-10.682902330405614,-9.81369793918475,-10.121713532621923,-9.466109338056526,-9.550128113499392,-9.772454706997996,-10.624749940188643,-9.903442827432018,-9.636623516763972,-8.913705959652372,-9.206123656611734,-8.239127807507908,-7.856499256063339,-8.100298449491667,-7.12100620331875,-6.150561381332689,-7.099970580615971,-7.634824855707807,-7.0457326531266,-7.262781324248095,-7.67548678231362,-7.034464840916906,-6.572036916882777,-5.978124943362892,-5.1434224756094515,-4.199244798120627,-3.2107962128503447,-2.2176555346225455,-2.775154730159025,-3.542828013872751,-4.172023649819781,-5.103874428169171,-4.1057458584040365,-3.1077608519295365,-3.637973820826139,-2.867000195770289,-2.616318435315982,-1.7291703163067547,-0.7994031973646988,-1.5470447003523164,-1.7161638387966072,-2.5830554550815967,-2.755188784423397,-2.6145720522969453,-3.4887590503949126,-3.9132586747291045,-3.2025617720934196,-2.3855738654236416,-3.0732436579156075,-2.996106107580674,-3.6545334871898185,-4.480432335654091,-4.020763433617787,-4.938161633604812,-4.318589395169517,-5.313609406214235,-4.496781447785938,-4.802242041388496,-4.527193216136866,-5.222199189481851,-5.972488333546433,-6.968666632591305,-6.499618449980027,-6.253829216960111,-5.382638629444849,-5.03893493215832,-5.5368106147399265,-5.005706818112829,-4.466215588701196,-5.027647579251239,-4.035651995352337,-4.203298810387663,-3.2184183535301227,-2.305082387106163,-2.2443240427146893,-3.0570238811172086,-3.87181965779577,-4.4337080163646725,-3.947945311380546,-3.306438506555907,-2.6442258604378437,-2.904450230218218,-2.2656226134069057,-3.0475285147473037,-3.739130524215083,-4.0573121581747404,-5.033133794398621,-6.009713356881978,-5.339441100712701,-4.57894374485208,-5.21492035711985,-4.336850842142202,-5.323183101855195,-4.729656518924094,-5.712706903485792,-6.397990909037554,-6.617000473825004,-5.623459749123553,-6.057647280420904,-5.6608114495175315,-6.645728636278408,-5.648821037181235,-6.277749691143112,-5.769383916237665,-4.966283654495099,-5.909877110780023,-5.90319745864695,-6.855776004745338,-5.867821794259411,-4.899299426011919,-5.842996863271216,-5.198850870917198,-4.466544996580223,-3.6531224043220556,-3.3286422864617697,-3.71267295363044,-4.234295295305295,-4.91204209003625,-3.956115782834428,-4.816394771429981,-5.387117952345375,-5.9942822172387835,][#################################]



[0,-0.7299238129440178,0.04095670871101398,-0.7121599271035681,-0.5081078097899611,-1.490521773457524,-1.51481428244982,-1.1716307953948781,-0.2491991516184383,-1.04570546582877,-1.8623503170899824,-0.9991623581827507,-1.0465520258017929,-0.08857230736274213,-1.0770566728308855,-1.6034200378967935,-2.016590727421724,-2.5457221144024778,-3.46482648575087,-3.159394143203474,-2.2205492112906304,-3.033174680459445,-3.1818914078490677,-3.8852118692615214,-3.466119798175442,-4.343477194629471,-3.3537312891383055,-3.6435299767898224,-3.5539016893768145,-4.174016479432131,-4.973168557426705,-5.386552305212975,-4.961251449311946,-4.983026618959608,-4.048599332255689,-3.22907201888865,-2.5013605453825973,-3.367462407917021,-3.193959087468176,-3.7078476734879198,-2.8960389973389735,-2.168478038196474,-3.096642517617904,-3.3691889719717545,-2.696887528571911,-1.7090985530883347,-2.197644625250783,-1.7681301984703888,-2.7562227365891583,-3.740844253463282,-2.760205653295923,-2.043244080785568,-2.029870392854666,-2.6554445816024055,-2.971310147521893,-2.8940788733746032,-2.3196169890465446,-1.4525900840727561,-1.0566240609795348,-1.2388036544427514,-1.443616525753001,-2.344639543494317,-1.540204450366149,-0.5898587748286974,-1.4744366093970913,-1.8115628436818287,-1.494170695514787,-0.629273100140355,-0.663609848566206,-1.479008414575405,-0.6674187515862438,-0.2747174974501921,-0.25346060809614956,-0.16408886943356496,-0.13368267392416983,0.8580534276414182,-0.11424646807752392,0.4758319864232149,0.8073501070617417,1.780849280515246,2.276640775543233,1.7520821842705847,1.0285577610458305,0.2847546332991683,0.2588095043542,-0.29247359516159066,-1.2884283878305385,-2.253927517513525,-1.3593681051072513,-1.657473389271362,-2.4745819375955813,-1.485130829438564,-0.5005362858451545,-0.16535889405793858,-1.1538136323490318,-0.3174721032085448,0.5630309161028619,1.3403839687168002,1.2807049048968804,2.050840383541751,2.7385312716922043,3.653032844295357,2.6927608103202827,3.573044591987074,4.558261650431301,4.942475898657166,5.941834008896781,6.099867355429125,5.35458654522512,5.81875829681974,5.516081167271118,4.516411481761464,3.5725725090881713,3.845288720858963,4.211691405472449,4.721368278296475,3.7702364966061417,3.3166015649984266,4.220376524314543,4.062519771111344,5.016090746761386,4.823388656019024,5.590482674279896,4.592674531246477,5.214174110634825,5.546984441541354,5.324714862734174,4.748596293312251,5.6185416140948465,6.4143075339142595,6.908760490506055,5.957379181986939,6.712483903246352,5.716019731600888,4.74104748285567,4.21798645823187,3.5253710894399966,4.489117661654201,5.180051960715837,6.136342654231665,6.391134780907452,7.3150370439306736,6.3452113104694,6.142759596261787,6.384082714674513,6.6981243875720375,5.853180067266855,6.661245891849248,7.6374066748990455,8.548271211964204,9.315793765800889,10.202450641414835,9.397920612323492,9.948621792934462,9.619185132357943,9.770741703568756,9.653816115055262,8.823638635852063,8.18279721282123,7.405550243251575,7.042708505176092,6.981558213119485,7.045008405019055,7.892872903399457,7.2560058297740095,8.224075380465244,7.762590586632999,7.3944423766221545,6.7303398370919885,5.744744221734523,6.243240887335005,5.25816722667317,4.268103120341626,4.7536925481059304,5.659120661729608,4.955622323008013,4.378967521280555,5.104991113523987,6.102011573859844,6.854655836297973,7.418474151099284,8.30656451840474,8.704535048294284,7.919595406436213,7.819920045285279,7.243038700180534,8.195243418587228,7.233813159167598,7.952817120919402,7.291707296231524,7.379050278273959,6.495877700354412,7.465200996748077,7.956145963342922,7.017067815119054,7.884316225145788,8.7316229920303,7.889631772724584,7.0621088908735645,6.935836322494376,5.949989201786246,5.776753854065053,6.183960696390193,7.182113201565032,7.7647957675136965,7.18504768230187,8.012260757938822,7.138170033559193,6.371052689625632,7.120368651901435,8.085916826449141,7.3165669216599225,7.939963393777836,7.217684596844041,6.269654825259433,6.051086450883474,6.26624304069614,7.008358329994068,6.359017301158677,7.1307256324914485,7.609258731521095,7.444490186435993,8.249304572089065,8.432640169868382,9.160916100910272,10.136638812817509,10.023162699208898,9.122340193014747,10.040229796023317,9.867203395658978,9.788620707601686,9.011157687114085,9.872298929248489,10.468142843028785,10.137036531919694,11.137014222794535,10.832721413952324,10.98746790981937,11.236394449594199,11.567204284560207,12.332106853868389,13.013082702494138,12.431409524150832,11.485517007469694,12.408837345529019,11.55566084991651,12.290956220656675,12.584562922214197,13.094386481674734,12.273243953994054,11.47866761692099,]

[#################################][#################################]





[0,-0.2630687031358491,0.7118433908978854,-0.1431869939346343,-0.20261790017464143,0.21771568386703039,-0.02866478025211222,-0.9463586830090138,-1.0512131314492061,-0.1380461202216572,-1.0883721421953974,-0.8962583369183659,-1.6536723249293206,-1.202946676460202,-2.1007466812156066,-2.051634524251109,-2.405638691528594,-3.008043360299582,-2.413965024995428,-2.956708186499297,-2.7991509782751827,-3.5148830569000142,-3.0429989819236094,-3.93423759071986,-4.272021050272743,-3.579980880638048,-2.6356132213655683,-3.5864853131184726,-2.854564270261107,-2.3768121519832155,-2.460243965614421,-1.4694557111987416,-2.364005832390888,-1.656451099932715,-2.6452126466496515,-1.8706150253753284,-1.628637599447858,-1.7528860018290546,-2.0712938209069276,-1.1401144366768454,-0.29706058780364664,-0.7287898567455615,-0.9963415326387304,-1.009437236132435,-1.4416429287151034,-0.5920929430338802,0.06001250831970861,0.16448788537822928,0.7382261785971822,-0.16663942804207998,-0.8812819118617462,0.1137482539111907,0.34502335425410074,1.32571328023748,0.8778831817387989,1.7647448346740298,0.7735260608220232,-0.20367855206700514,-1.1910568824667496,-2.137941945063595,-1.5284616096124022,-1.4976880546962792,-0.5823423935925345,-0.40115752583124226,-1.3902047877339674,-0.4144529954132733,-0.2430803668695281,0.6584820221703716,1.3921428911544136,2.009043305473948,1.2250723471489031,0.8809879543700473,0.3421473718706963,1.3405287607926115,1.7340416579328208,0.7777262873788123,0.32594748689992376,1.1538578191280933,0.17954004133386037,-0.7132317214391787,-1.696980138983619,-2.5290219758721864,-3.517780187539148,-2.9482438254883316,-3.813184809625088,-2.827875790743856,-2.9104757287467256,-3.056800807885534,-2.3899724257385673,-1.4274344909260546,-2.156526488047828,-1.2261838605314308,-1.1771211308910745,-0.8048010748619621,-1.138404805835547,-0.21583503060365672,0.11248990838179002,0.9515182144416097,1.93309806640007,1.367336543023223,0.8181290221987503,0.8168568879148872,-0.1619230899884373,-1.062842371800707,-2.0588729302441657,-1.222781767163567,-0.8375185605317432,0.08544963236623015,1.0767866047363168,2.0549545955223993,1.0583785195179765,1.9620342805627122,2.7832988298646604,3.6430653891460825,4.621319361011185,4.576660392882532,4.242900661516778,5.17971067816124,4.251494215623832,5.239206423510961,5.863337407867448,6.127023455408608,5.963763263582487,6.960305022202859,7.908881227103421,7.949972324394725,8.776974313087646,9.690187196153921,8.933188686222485,9.313863339401891,10.221839384991478,11.220257292956957,10.76588619229646,9.771112643752902,8.774241762766819,7.842254817101436,7.016411841536483,6.343097427057559,7.311131063650838,8.29188778756572,9.169100363956806,8.31399303988556,8.054423137699493,7.787523931918694,7.1252389200722375,8.1186274629234,7.14980083499753,7.139773380261042,8.051776887929845,8.801010555668451,7.810587533473355,8.724394848840237,8.526474070646398,9.120387809610248,8.886738362523108,9.884345372122235,10.544349151815858,9.875225742041732,10.219969817393475,10.537430386515476,9.699524804554063,10.664842229123513,11.380603916596108,10.578139707875966,11.177845144791593,12.176985490607626,13.163111526034207,12.177254049066008,12.670627709828583,13.48068062462356,14.473770696095787,14.032095765390386,15.022616428835635,16.014694326576556,15.575999056933329,16.427976097463695,17.054809173665856,16.552451592632924,15.823735800538609,16.588610600462452,16.26676326403803,16.140435800465696,16.05347818397614,17.03074661618791,17.954796354563527,16.97228810166821,16.100886959150174,16.662172187841048,17.656386117036348,16.656611466804193,17.616884028405607,16.866007744611267,17.851008841064715,18.017201756436048,18.99205687168078,18.806023427404416,18.978629953884393,19.466770738228874,18.520544554875435,18.097630817420484,18.86691205226555,17.887012397993246,17.085483032269128,16.61316026651279,17.294804853224846,16.67464440153207,16.45676686259001,17.098021165783383,17.203606691860347,16.815871954977716,16.20661523752601,17.200752767888634,17.648174450184506,17.341505994744335,16.932677965526214,15.961936671593572,16.468069924150047,17.416901760302977,17.101626613745882,16.12683848925795,15.136000854337277,14.825153606616604,15.140789396942248,14.3292515960642,13.69791373602343,14.56178448602451,15.523436119565918,15.621280092140337,15.385159100426616,14.731524466927736,14.966485564702332,15.097954489172803,14.30750124082508,14.614712448283314,14.847444849256007,15.240248735276793,16.23945629608082,15.539238705577986,14.541045373827766,14.275322661518693,13.913269675288596,13.720981651360894,13.813962283847752,14.582887046779003,13.677116629879915,12.864526386287928,12.563743053612034,13.091478003481907,13.00057080038179,12.638094851049159,13.622090943883947,][#################################]



[0,-0.964777102459642,-0.7421868760193091,-1.260764778569305,-0.26253235704439204,0.6448372909638951,-0.3243358962944173,-0.721624079912816,-1.7161116588409306,-1.3085260732202595,-1.619782321285365,-2.6011549751849827,-3.254089926589287,-4.146752455102774,-3.7063490588156944,-2.7075557888952897,-1.772311943927479,-0.9741211051909544,-0.16971391258123814,-1.0096126330474533,-1.9971224943332144,-2.6954974592534766,-3.5771580627646364,-3.12362334282478,-2.1823994935452973,-1.4605405020435063,-1.1316488418874342,-0.8220648223944116,-1.5034542756607405,-2.38194896174654,-3.37846245010192,-3.5138826661404816,-3.960850316731793,-4.6675088626901955,-4.51800767963825,-3.885553313603703,-4.855835192926158,-5.848086337801144,-4.900132509415989,-5.264693827145784,-5.8025229895199395,-4.900519753195989,-5.864063265823601,-6.863977513421866,-7.765752562588307,-7.2382444376944495,-6.480116163380048,-5.485588689858838,-6.304627376914708,-6.730324727060748,-7.42981462714513,-7.529388565511963,-6.556500171110335,-6.752069261394852,-5.8579505875720415,-5.395915514711777,-5.52814766800032,-5.740447325438583,-5.8988267201116695,-6.220398917652079,-7.0132001037626335,-6.013673721760726,-5.611004725315073,-4.6275556703588325,-4.479956504633811,-4.698836471243259,-3.713630187165651,-3.2809810699024022,-3.9604968749589,-4.747538092947123,-5.368335593347141,-6.307274319061448,-5.46486656348713,-5.521740127243477,-6.4410592229791845,-6.14872223927348,-5.256592251302077,-5.817452734657646,-6.042630148876097,-6.493139393614893,-6.313587030837875,-6.868299913027481,-7.017823151559662,-6.195857013387339,-5.693983429742475,-5.523202466777326,-4.526619680330599,-5.515856240115477,-4.770644921922269,-4.4994978694823375,-3.815082162668866,-4.181773579838516,-3.182977880728714,-2.2548734814941893,-3.197586879447408,-2.811756593144506,-3.756321431808429,-4.300409201961728,-4.109356868217262,-3.284787951348387,-4.120473956418375,-5.12047314725523,-4.915559129053528,-5.349545819700677,-5.260533873048493,-4.711943345406489,-5.634750075776269,-6.019626308997612,-6.150969398698251,-5.943153658674743,-5.8604727979170885,-5.4322132206387055,-6.002760799776386,-5.492073553468644,-5.28466293047611,-6.2836652210469,-5.341007042427174,-4.9911685186557015,-5.363209106057856,-5.206925407641377,-5.988245133724241,-6.952853690773224,-7.939436738349502,-8.02253019973977,-7.705981335428985,-8.705136739619642,-8.142937743980239,-8.550420541410734,-9.203837143557928,-10.128546183433034,-9.709524106883963,-9.765752934488997,-8.874940438570485,-8.977046202942814,-9.056093319538096,-9.418585158217686,-8.854685007738876,-8.11532873417727,-8.36614914487782,-8.170915314572346,-8.65101748684541,-9.169468510877296,-8.20374418899288,-9.16746863817614,-9.916720640564883,-10.031521350197032,-10.279261062439112,-11.279210786251017,-10.869028385361121,-10.206722631855268,-10.3447886925144,-9.938640701774606,-10.918858721175976,-10.114329995355712,-11.086650897052202,-11.155790280898806,-11.907052559194563,-12.65020386444286,-11.71150714957172,-12.659778622860216,-12.113963419959177,-11.852884370967107,-11.154539752067253,-11.751240006569592,-10.951019168966724,-10.992474800220126,-10.826476480186903,-10.994062383847966,-10.124244913992516,-9.537888132474503,-9.655242765716169,-8.758067612478865,-8.895431418803467,-8.769807198153325,-9.668443086816055,-10.192022233086337,-9.412868657352428,-8.548208689053478,-7.8633924404492594,-7.219213474290427,-8.166005052219015,-9.157993646884993,-10.15420565892583,-10.366211346119243,-9.983939085802131,-9.797720040072141,-9.307148894550657,-8.479526461279644,-8.372108292453118,-8.393336781640322,-8.67240058695276,-8.011957700371944,-7.83940962015803,-6.853316361444445,-6.6304767234058275,-7.613020135989044,-6.628029279677921,-7.5007941819623545,-7.17728837067547,-6.271118424875079,-6.910028732911542,-6.710537711667441,-7.308493124622199,-8.189918790772376,-8.921602231480277,-9.706077224170427,-10.682053339669444,-11.449381769115389,-10.454971543563051,-9.533200544987723,-10.326173591339217,-10.218050648702127,-9.323727531360564,-8.371911131818122,-7.459299690663878,-7.699427448855179,-6.8369721568796455,-6.521190354518179,-7.470190661137414,-7.247058161583233,-7.111999725249886,-6.161539842569674,-7.110420260675931,-6.526120339619953,-7.301628241887326,-7.805341778823321,-8.079615612258342,-7.0844138452628975,-8.056137508282447,-8.812947765804624,-7.840942990851046,-6.849622698564755,-7.462145075442965,-6.510503717571181,-5.5379629063259745,-4.618340643042311,-4.578537999511194,-5.292467495995548,-5.352551374443875,-6.3166008753322425,-5.384443359049791,-6.365781891796763,-7.361449809318636,-6.722110534010823,-6.298341785905855,-6.881177179494057,-5.927484678325896,-6.77689378039971,-7.772753148194437,-8.704746273788938,-8.882936310788407,]

[#################################][#################################]





[0,-0.9366375271155494,-1.398659171100435,-0.4851838532009295,-0.7382693762156505,0.014676666833290053,0.5142858735119336,1.0047883764289818,1.7779512966499156,1.7497148970634266,2.1543730706207023,1.1973704517863755,1.2744019580412227,2.0708298821529687,3.062429352721594,4.035078996307246,4.540650797686434,3.5559966983383626,4.267852186162248,5.1680393426630395,5.249197565487815,6.145364254821253,5.147391755371027,6.025261771549192,7.018891073877821,6.166463172170564,5.786838383121644,6.662772946959996,6.262879804276815,5.455770749634841,4.6215208108350545,5.402099150421827,6.209061042047287,5.437671166694271,4.438770353343289,5.019331778281572,5.199725746004129,4.956079744476831,4.092562220209684,3.3708969590884412,3.991826391250249,3.3915134909394675,4.052230375130643,4.152875450129278,3.322622875345169,4.290358921096265,4.861122705987306,4.050079938145286,3.1344501167112475,3.2007456824080482,3.61906636357836,2.8983997790784506,2.225973150254796,2.0585267173797517,1.216578554249832,1.9077700084771916,1.5427723711016987,1.822532707966262,1.154236464138991,0.9215916022845801,1.4665783530451564,1.9818760915279983,2.331994092040083,3.1268521997939107,2.353654097919168,2.6904434551593623,3.516815327926464,2.6188346324365606,1.6718051388692323,2.140476526199103,1.4621217168072547,1.592671540256717,2.584574037218161,1.5862683697900524,1.0150653655999298,0.04249785721974386,-0.8550994113118918,0.12150314322193123,0.1497146387160534,-0.5116252448461946,0.46421192781611575,1.4233274154468518,0.7355776727888648,0.36901699709016533,0.40623437937214385,1.3634380616915451,1.613472357432498,2.094730276090751,2.2877176882180765,3.2806766839007744,2.9794668337797976,3.3840226126896207,4.3056196335970025,4.410730620813124,4.470116128212174,3.5699154057639015,3.2060297673247007,4.194100407781382,3.2673900944878014,3.487265851441752,3.468369662451699,3.47633354036344,3.0749172878071986,2.8452460505329977,2.7088134073494716,3.109391127635839,2.181195867374783,2.0417627065509167,2.952340270509736,3.7830826354283196,3.4662098244420343,3.7110152296013617,4.446257360069074,3.6763735394098602,3.0404749952527843,3.3659402161652627,2.367472075642474,2.8249708081548026,2.902840941611448,2.8871491883936646,2.907780674745331,1.972006118181311,1.8236801207718305,2.3260324699596957,3.2843505522782377,3.6893688560699247,2.9849132084891408,3.480357160422012,4.4792006316780935,4.962405373877984,4.010654219503196,5.002820394673697,4.009688905223028,4.715696846778455,4.766047498061462,3.785160761829745,3.488141736911324,3.7801295371924155,3.1190318530079,3.585058212366076,3.8485845557968883,4.137162211168009,5.1034615572213475,4.127966938806803,3.4410974734257755,3.4346086786190635,2.713331116695282,2.3069886322744813,1.3295654011150355,2.2583364269136537,1.3882451665594546,2.3869768793951236,2.3118449525276006,1.3541831895547083,1.3497114519213724,0.35135590242159986,-0.030492589726069996,-0.8749779529974233,-1.326059792462947,-0.4285288146064937,0.36241899138790856,-0.636811633981387,0.1919036434833321,-0.5559728530760717,-0.7871558359543075,0.2086922093830692,-0.25329272542221754,-0.011573284800286215,-0.27811571204629426,0.7036056920089456,1.171111087051714,0.20577322630831596,0.7957969857835742,0.15340327141526744,-0.026790840352762857,0.9561028870917216,1.955186466148851,2.9095531715674485,3.1386845104270233,2.370461373404649,2.6414882479217257,3.619471233516594,3.9955682622307043,3.050700701769383,2.2113538668468373,2.74205493800992,2.4113557054729378,2.7181008053139903,3.403243023048874,3.1781487510793323,3.9493682008082276,3.382783517622347,4.291096142639683,5.202917643259868,5.148802674571948,4.367188513165235,4.838830933890736,5.731048502024622,6.450310868483234,7.005640902046162,8.003490154865204,8.27270838120317,7.273549541325808,7.361262229145218,6.635134698943852,6.773381917658058,7.772637707046092,7.662482936007097,8.617919689843314,8.142157737317655,9.018670276815776,8.274613023501164,7.417324061642727,6.44661164267453,5.571220396411463,5.361336122644771,6.319407740069702,5.788153620272545,6.7385761912353335,6.333263644300226,7.320262798031821,6.9171939398682625,7.079622089352991,6.096035016295185,5.477128664177785,4.5183908190738205,3.8165200564114325,3.021304570827575,3.0637703277072617,2.2335844652427497,2.0550960905030555,1.1351503577278823,0.5080225943781146,-0.033926397481533144,0.8173292632108011,1.4824272573767072,2.4262022713019626,2.7787197146679112,1.7818570796127333,0.800645850276835,1.4815119134851926,2.349047235066154,1.3937091434043598,1.9666179447398053,2.6750076922101367,2.4989471898504223,3.2300566506276125,4.188991535312543,4.351768731611115,5.006487917745519,5.922650627920063,][#################################]



[0,0.3503000753623506,1.237168724311846,0.8302745813355712,1.7977184908416288,2.455800747293619,1.5895498364127492,2.4609896189749816,1.8267821617534206,0.8271808883756842,-0.08728713324852211,0.20279214478463947,1.1998208038732885,1.8045542672230979,1.6752078719582058,1.9074850142531452,2.770269549145956,2.5957522014780556,1.8934262340989343,1.457922981216687,0.4612217507228523,0.9049393015692724,0.8412926964668146,0.36239371474379245,0.24969584629047253,-0.2731489417594451,0.6519915986664746,1.1344215312715276,2.0509832992037107,1.4605809161504753,2.011967386434752,2.6370253483614503,3.227628857887307,3.8639916947994406,3.9108656223791454,3.0966491696630203,4.080243606618269,3.1103793759448406,2.606060542979486,3.2983027339002704,4.082169202296013,3.282403973169079,2.531768776189411,3.526691169584252,4.084078523283956,3.8321123633456984,4.653226668334264,5.238213530350118,5.640235955222997,4.64243592617462,5.55073533039396,6.244017144655112,5.503853359504248,4.517972184048796,5.057530605910743,5.780202297346811,4.849193852320501,3.8891239830310695,3.145228741423516,4.117790496919146,4.956235153110256,4.099223927562733,3.1625183250827327,2.5557229818754825,1.921558417068133,2.8631384342996675,2.3000136453768274,1.8599787938849608,1.5388321944733996,2.4222047833045757,1.6874703057040286,2.678912055680957,2.5519103371033998,2.610097916370101,1.78928909087894,1.5566682800232534,1.997484731082588,1.7824325270064354,2.7820345035560945,2.03194813625572,1.8134491375156157,2.0964641219013465,2.822411979170636,1.8920178309563895,0.8927106377189561,1.1821257557659903,0.2138887749842575,1.0904678163312012,2.071669048882607,2.190127619247135,1.2365697415123331,2.151083066593311,2.5392311453656244,1.5447706482283814,0.5465355248676786,0.9820107357621772,1.913454369127984,1.7594530396937107,1.3836765166972433,2.359204400206437,1.359382949125469,0.3594146613039967,1.2753103934611585,0.3020421248070645,1.2926914744126434,2.2089542587764837,1.8368607774725103,0.8466292925849281,1.2599675318210566,0.7033104352800366,1.651778474624352,2.6213507069024726,1.943546155733554,1.3053620892706166,2.0771347510946225,3.022688763288739,2.9673590934816225,3.856569366560838,4.853532877585913,3.85365600072509,4.853443148957613,5.206042041876199,4.217103520787814,5.081766528707912,4.796063093129493,3.8817545163384266,4.591502528376177,5.460142436792282,5.508222785471351,4.632715402798002,4.939586287937433,4.814661186986754,4.697657577377926,3.989453661502937,2.990722059962575,2.796142485791259,1.8412709243566803,0.884848881277889,0.134549039903875,-0.7502217961793247,-1.7148739958440462,-0.7574175024092236,-0.49999649740595703,-0.7200197903643653,-1.4468005946837843,-2.4467795422331595,-3.1394256846935686,-2.225704838179311,-2.436995697399081,-2.8076496891986866,-2.3147590333172414,-2.3651074769508957,-3.3622810794721283,-3.0743853557462417,-2.074395354014955,-2.1317207130021196,-3.0559456472278477,-3.591524279382315,-4.4840068697471915,-4.924958277260581,-4.313074654181289,-4.273855305332965,-3.714184876512062,-3.050346985235862,-2.0774366972711795,-2.168467849069485,-3.0553556210073753,-4.025701802545398,-4.98952498886009,-5.179848620655536,-6.063838838704301,-5.802835362452815,-4.995449479956296,-4.229074691918425,-3.2454436218092453,-3.0612700065700174,-3.0184681134063145,-3.3171053374565855,-4.290500852934451,-4.930683023682358,-5.893254804532755,-6.101939446725102,-7.028519731963471,-6.701066997682826,-6.157470740608235,-7.0050298082055065,-7.948766009481822,-8.900557711338642,-8.172148388583006,-9.146485377887272,-9.783054745953203,-8.95905122849763,-9.37734320216449,-9.787930039516533,-8.789395327969705,-8.165633111505386,-9.047423011068876,-9.499028824930095,-8.804290278283691,-7.972660220010785,-7.907109715447662,-6.94403051485851,-6.985037986067117,-5.988892171241047,-5.301332130311047,-6.291729881983468,-6.253156998055829,-5.259242551829522,-5.554438434962931,-6.434012516282391,-6.915391543767547,-6.247275682715053,-6.762111225267899,-7.002355683395267,-6.518940576095139,-7.496666811615813,-7.783195651149945,-6.935983127518154,-6.625021817055771,-5.710843640059089,-5.871569090853656,-4.956399436866635,-3.969679062973926,-3.78924494836813,-4.574709732625663,-4.85900138632905,-4.14669707459163,-4.753023992588539,-3.7539260697137915,-4.3114127814514385,-5.2953548021430965,-4.90330907936481,-5.68222548594251,-6.522636867482713,-7.047388046746997,-6.300631956610139,-5.970043506886946,-5.0342382642628545,-4.955087226172082,-4.762150647408139,-4.029742698262888,-4.527118276482625,-4.822633302530373,-5.642252424655023,-4.936430941786359,-5.920810289146331,-5.238550106838961,-5.522176422497961,-6.5088392749278965,-7.26471147795398,-7.665518025412519,]

[#################################][#################################]





[0,-0.10917591417087903,0.7876499546732006,-0.08329939821103571,-0.3858890575418238,0.11921766934292688,0.9164043927020336,-0.008481855963608287,-0.3782845203811654,-0.5732353111592765,0.4151812093446978,-0.12774585502191427,0.4793098924247078,0.768949455211284,1.7688215568980956,0.9605977900210598,1.7341450214830827,2.540614148994004,1.6405459715483672,1.3301378002454183,2.2881063140840445,2.6045482234518516,3.2516059199155776,3.084123005009122,2.893117009928405,2.1068496088779387,3.100918431383187,3.0601021871224954,3.9755006670211968,3.2634885973364236,3.5566905784539444,4.319659535959899,4.777257885667221,5.772395641036165,4.963334570508547,5.199432725402256,4.818090586758354,3.8836976641175402,2.995752553887952,3.4169351556624368,3.722719403986546,3.3313073436326683,3.461955031804459,2.9566450536090314,2.8370048500577236,1.8981934085131578,1.7451446057764197,1.1483915700405287,1.894061738389182,2.528335563721832,1.9004143894444088,2.84924332852163,2.0325811153135263,2.2801439942634407,3.0701696711991056,3.2862987618417603,3.513024629267747,3.6758545413269923,2.8336883215092796,3.5658646558181237,3.0733966746182824,2.321534936033644,3.2965839454125896,2.3929765982285938,1.9854924952263553,1.3086798945934586,0.703090535173399,-0.25833207721964624,0.5674651981893223,0.9347060815689525,1.0663217679319166,0.5496347098647525,0.833846758843988,0.42272209101542035,-0.11114115652284506,-0.6022751657131608,-1.0499465134996322,-1.5707034405052442,-1.3178233782548459,-1.54670863165567,-2.151464451188752,-1.2495936045174703,-1.6824333422008042,-1.2306298414328916,-2.0761695050118862,-1.3085191728764363,-2.0680036829051587,-2.81347628069475,-1.8478776412782805,-1.1260349721069534,-1.636937548705646,-0.6801702851196341,-0.31927794308306306,0.16337489435558356,1.070427391001778,0.2185320342841448,0.6507299988606108,-0.3301766343317676,0.5137044686619774,-0.2441598956386546,-1.0922099657108384,-2.0011765657504297,-2.79056403406159,-1.9949057369976955,-2.8458338426335392,-2.0546684811570106,-3.0517136474448012,-3.6367645280030887,-2.9453633271898467,-1.9472792112686648,-1.3436813356690454,-1.0685845095156998,-1.3749934734534595,-0.41956367623444113,-1.4178535658591798,-1.9581663883445686,-2.244050482041061,-1.3948507349514256,-1.3413566514184128,-1.4885473554974942,-2.1914711446779247,-1.1939157882485505,-1.029199787402055,-0.3888009202821655,-1.0698476462814184,-0.1303944376441073,-0.40268603338601255,0.5715224585337191,-0.2653769717276879,-0.3037106528165813,-1.226670899471674,-2.159237942138275,-1.5779426786200244,-2.3758857872159505,-1.9675648963394126,-2.56663007287705,-3.482541349422445,-3.0257299785398333,-2.034062577717207,-1.55388328643951,-0.5545786258010889,0.34122770470385366,0.40926131473256744,0.07778525709816697,0.8451277720667331,1.6486202587152543,1.646403925278944,2.6455410390971132,1.6608410479582403,2.2017018098813326,1.2472131760962184,1.643388310765711,1.6297966250636997,0.7974630364707526,1.0315773775056707,1.9999344681030515,1.0723614750052919,0.557670443219776,1.2869403435654831,2.274634534724955,3.1068901933064224,2.5738482908635394,3.562126240952808,3.720310865704635,3.054309727281235,3.219967530863215,2.541632435924317,1.7462207125612799,2.121279366179873,1.1345429394546753,1.8231245110810488,2.8140966965360246,3.6263701660744196,3.4907337727961933,2.8155454615601503,2.464570387364997,1.826172751239639,0.8342198280329259,1.6995166821669359,1.8557740303185162,2.543524768994289,2.3201646224852976,3.281818723116773,2.2959138060091773,1.8738574517736148,2.693911012941316,2.9098528912134,3.2317511342022223,3.858871323743928,3.0558526446903644,3.0142530249676724,2.3693737667231076,3.048983633025414,4.045166365156369,4.357957779310282,4.349369020120614,4.675712134637319,3.702164570432743,2.7663775161690283,3.7461135737171722,4.499038540061078,5.37009362439695,4.964403623837834,4.092661319601759,5.092202293808764,4.092649783839834,3.1093035778539,4.10535046463457,3.696270631957427,2.7115683299438373,2.4599201988315595,1.5135214028760744,1.5158115964550078,0.5310550154233431,0.08038394854371539,-0.5438483860329646,-1.335476543379249,-0.6825395216215068,-1.1964564049765984,-0.8465918967976303,-0.033344737711975436,0.9224737315289219,1.916100201014544,2.9024587940798323,3.0724761005429153,2.2220994989647793,2.086811437394204,3.086069227737044,3.2144808125630058,4.206848102408089,3.413293383590847,3.0303290027491396,2.3385232893124854,2.2038237827598284,1.6590963170899067,0.6852425680501294,-0.0326056715637828,0.7970836825663722,0.3314919232888129,-0.47262260939482165,0.06565989950149215,0.8328860882955145,1.7372471386895736,0.9356463511820794,0.19062493926896806,0.7154741153509737,0.49844355551179326,0.5788931633294727,1.0936261592061332,1.6602150743976662,1.7991012694830892,][#################################]



[0,0.9940224442963815,1.4364061702313005,0.9450333741685455,-0.00808755103773573,0.8549693384288706,0.2512365100188435,0.6314804146763627,-0.29762990675466927,-1.2784429313291747,-1.1266773818957925,-1.9664572356540573,-2.76111648306267,-1.803980691406752,-1.8199738233201217,-1.2310983333775576,-1.8648369866861905,-1.2735607852610245,-1.7093098827353508,-0.758706512665394,-0.47183314950001776,0.4767787405770867,-0.28566229809217114,-1.2715372765830733,-2.2531261466520167,-1.6352397703291968,-1.743992591547907,-0.7448259216652235,-0.34227701407864597,-1.0444442396191191,-2.0004947603913017,-2.6469298846553504,-1.7577708716857152,-1.856263753861331,-2.4439883357504204,-1.4722591238524834,-2.396693098398256,-2.752937208691688,-2.2929877753630183,-1.3860119124193147,-0.4339110808490133,0.4863044368475383,-0.5051244217073085,0.35781348216303166,-0.6350038332048066,-0.97943536083405,0.008783270836518642,-0.7936416878605538,-0.12732644712619157,-0.900434922372639,-0.1221579800866287,0.19363252700564532,-0.38348343146201097,-1.352355260429099,-0.7392815048479745,0.2370832918228083,1.2110419054404167,0.2243877513728536,-0.31483025481568594,0.3662848716336269,-0.5040456905626876,-1.1633664971906028,-0.9413767917780831,-0.5130150729993139,-1.4262273735080517,-2.1623827264224587,-1.3666054160163363,-1.6416809699634878,-1.077713896521142,-2.0078397662691825,-1.0165389486042287,-0.16036461821006232,-1.1191260646684733,-2.030705193160811,-2.8762760257513733,-3.747360054428657,-4.641558222829289,-3.7878532252009096,-2.8203555900016113,-1.8469021803431724,-1.050491231937219,-0.6184854728038186,0.2829854149580784,-0.6091320642417514,-1.1430446762998676,-1.7839135923601905,-2.434438979279434,-1.7679027042389541,-2.027939754593442,-2.7199969494578653,-1.8603583293244879,-1.5695037207480809,-0.6368962376881611,-1.5127079974358955,-1.9337255366523811,-1.4100134963067954,-2.311792249336584,-2.506271494910997,-3.0428017214687,-3.6952138652269224,-4.225129970521491,-4.641998918768377,-4.028103630569081,-4.63384934810523,-4.1085671772303805,-4.720169475132959,-4.796987027698448,-3.9859904388289427,-4.7084614621329965,-4.770333083623246,-3.973044174524652,-4.9344607004073495,-5.886360667220348,-6.181579065336091,-6.24003671045653,-7.081500942529333,-6.123236738370931,-6.651308503894235,-7.649876670334044,-6.660768538412815,-5.949503365214924,-5.879622675041856,-6.865963710924039,-7.634006216903728,-8.366246175527742,-8.708923383379476,-7.746708601281255,-7.5210588410964005,-6.97370215334322,-7.972967147673641,-7.588071859193293,-7.227075029661412,-6.413382325619372,-7.016115098450143,-7.928953556269374,-7.128253291338776,-6.726872507671962,-5.837308922855032,-5.9661334785332745,-6.843303842959735,-6.8805891648214255,-6.4361445470935585,-7.433827576871283,-6.490363945767701,-5.849126497764455,-5.253811603024388,-6.2538091469544215,-6.295342600833179,-6.4696008214458764,-7.310712963916767,-7.608960257240657,-8.527135220234971,-7.527227591461304,-8.08150261101386,-7.109293541254796,-6.859724823083275,-7.233366820823979,-8.09074255047788,-7.4065164091694955,-7.56291393072862,-8.117305956969194,-7.271217113974516,-7.1185518154703935,-6.131142262907667,-5.385191538249037,-6.371374833642137,-5.6366221548622395,-6.2426916148556,-7.1696926970263855,-7.332023298496313,-8.057182190889252,-8.191249814328282,-7.607973026958805,-6.617214343515418,-7.354859749093341,-6.418474947158952,-5.648768211973691,-5.522160952538631,-5.020901185326274,-4.033184808450485,-4.759131722109417,-3.78439573480235,-4.0586609180441675,-4.225967506148356,-5.132537102952366,-5.704823881426385,-4.728417662064626,-5.675191933557419,-4.896269429152022,-4.300315570962422,-5.2994499321165796,-6.063734396361366,-6.797308134730292,-6.8846005410672975,-7.834422382904805,-6.834459266977231,-5.88920788686317,-5.660723444873487,-5.3081577218197005,-5.508450651150768,-4.850344280526666,-4.359158938672262,-5.273169673536106,-5.763134320225211,-5.732838431373563,-5.76275130176091,-5.581009068988586,-5.49218002343177,-6.404678620963207,-6.5789237827587,-5.611104988713194,-5.288104494883838,-4.288107117380591,-4.114168978621932,-5.006859064529454,-4.225620309430254,-4.8366234685845475,-4.079211265343717,-3.221371282011983,-2.284570969289635,-2.866489398486642,-2.57253182695975,-2.4598089848312004,-2.6244198164500974,-3.6098608930767204,-4.136035422570899,-3.1452291143569897,-3.1837501273128344,-4.175471088512347,-4.052153765943596,-3.4436548684566013,-2.519891758667881,-3.2419754483163885,-4.232861941782956,-3.394248808005036,-3.6214246770606433,-4.317624292747989,-3.7593989120610427,-4.6443985243167925,-4.04992411921008,-3.2071596559012088,-2.5657830307981424,-2.139014837828992,-1.5411551741391214,-2.2081957244739523,-1.3570004810861382,-2.3331652909906397,-3.32992396820493,-4.187274505007607,-3.3632738974944316,-4.35358224584594,]

[#################################][#################################]





[0,-0.8821400836085623,-1.8812517236351227,-2.4108041184381874,-2.413298064630057,-3.3978367658185804,-2.6610147615584316,-1.8537668326317576,-0.8550740279782368,0.09298345770405858,0.6045665379935491,0.19947661349413565,-0.775177113981361,-0.7358468236592652,-0.3523806546102728,-0.2887930529498476,-0.045836919357280514,-1.0022141934618494,-0.30159659898687874,-1.2645231200126412,-0.3239156330630667,-0.0958628881295886,0.8638880452955204,0.5369390651988635,1.4396647494009405,0.7907079532017364,1.4252044448855425,0.6513157270716586,1.2095826810361983,0.20971628138175658,0.6774732448733793,1.5755681323009625,2.318100006147191,2.7699901652112024,2.34781483525421,3.278093548143332,4.0623944738092534,3.8112236583736885,4.710545169937786,4.489483079491551,5.343457189559078,5.362988241878916,5.76723145264255,5.598180420925507,5.177890352266205,5.1997661371180675,4.401731272679452,3.609714055731345,2.851668245884082,2.7333692429576795,2.3681964150872785,2.1293908554335923,1.161296643939929,0.16313447211327503,-0.020958362187840057,0.9198548018887742,0.1719037725601672,-0.4899444128329755,0.4165525117623545,1.3419128805646883,1.8327079061326095,2.581186702923439,2.5318665060880354,3.4070034518356116,2.408644202625442,3.332524533497509,3.3517620507986194,3.9042988671212235,3.0808917262840714,3.9268240345927863,3.933752676710297,3.8984943198535382,3.798773020378377,3.104838991022097,2.3313944271566998,2.4682331761306346,1.6084933189442587,0.9908716660640938,1.9788263163944668,1.4987694137862526,1.246454971634612,0.2498020007897057,0.5331885584816395,1.1470161210815275,1.742460373735157,0.8708603604316527,1.7870751283009465,1.3139288528197555,0.322647492557811,0.16989325677988976,-0.6322335567743982,-0.5777926929372461,-1.5072024919739797,-0.5756727982717158,-1.5284452914235507,-2.0353838695850177,-1.0585159394474344,-1.3513671595165755,-0.5861578190338259,-1.5287310851253417,-2.2529693463008384,-1.653482531998062,-1.928554544775733,-1.9709569650846632,-0.9999314449942713,-1.0024381392119364,-0.9606741429612915,-1.850905984445344,-1.7223818895961445,-0.8168456026046115,-0.0013087582672021147,0.9965959466894326,0.8605442749934986,-0.10147967626446075,-0.9018332882286638,-1.8903877201338188,-1.066935471416535,-1.1676093385186666,-1.099513437118615,-1.1461379410063464,-0.14705394439690012,-1.0601718737774735,-2.0244031235256412,-2.803284545746548,-2.8747030036142536,-2.16842989455046,-3.1631225313834257,-2.939056830595633,-3.8127712545242103,-2.9182559193991473,-2.2713367776983118,-1.9607750517133529,-1.8588895548306612,-0.9488696323444513,-0.08939211839726446,0.8767725055831311,0.5433194922649589,0.04730270638628453,0.010083814924925737,0.09062525198445184,1.0872995942587005,0.08783383209460405,1.082850212577105,1.6929433548038895,2.3674858369688367,1.369752092283583,0.4111898564859404,0.441166648579857,-0.5323954250334114,-0.21669557808033618,0.7404961184736905,1.3836028726098162,0.7452742788919018,1.684570674284993,1.5976231991639689,2.587190998065407,1.6947115159674033,2.1068783371290056,2.6171189763448117,2.7210204839103245,3.3553124649462998,2.3566726942505105,2.9158468853220536,3.7434876253583056,3.1157547530356995,3.6836342998160654,4.361741417358095,5.36052851403671,5.8104793517191,5.363900029425201,4.7578795326280785,5.747969107704469,4.7698258301200305,4.0264466485768375,3.870573575114562,3.1104833330868624,3.85537746956173,2.857085466998893,3.759016227862883,4.753934652653447,5.74951106239511,4.753300358604912,5.5718112923989676,6.097186497677812,5.902394374429159,5.32982695765731,4.559705154275203,4.849954862457789,4.174341156903492,3.844101489988814,3.4865114296183464,2.945599556124242,3.7788966964154804,4.424142704353913,3.718955239609885,3.138276599651009,2.230249849613706,1.3779359078483635,1.7661488899021767,1.2724417483529409,2.2662846798538707,2.887819136117211,1.9154384329197156,1.1891294164020945,0.3542611188872389,-0.46327586415839506,-0.9181108531958674,-1.7243679104160121,-1.9551758573281366,-0.9563235460362843,-1.6175044501032827,-2.2079564779926977,-2.3439879930988736,-2.1635715529885604,-3.1618373670728097,-4.042404297987724,-4.331448640987755,-3.5118047798878793,-4.426628694021256,-3.5505129220262837,-2.593578873568269,-3.557868445833537,-3.3223787721729265,-3.3292982303249987,-4.27390726582126,-5.256415652500348,-4.345066896466172,-3.7729866834945085,-2.970894398502706,-3.499697736449272,-2.623895535225279,-1.6336557655539723,-2.6225545964177632,-1.6529353392251038,-2.611376282410701,-2.5285634456247936,-3.452070162928397,-3.764372979244763,-2.7858888617112094,-3.4381207407902563,-2.491281334392726,-3.0895206571955964,-2.1185331326712817,-1.8487402498977192,-2.4256343349813636,-3.420734538546613,-3.601788637048549,-4.133725868418675,-4.528217643128727,-5.252676725050211,-5.969534207294896,][#################################]



[0,-0.4709871260353925,-0.42884533248745704,-1.2771225637970915,-0.27712567368573127,-0.10195847966237603,-0.7780452596233934,-0.18783277140953392,-0.13671837096029862,0.1813806762589034,1.0406144930756747,0.12633764601617514,-0.09738117643316727,0.9018450883653416,-0.021709835391166554,0.9762664253059881,1.9463037014710594,2.238438104745159,1.524901149632037,1.79466496318979,1.4551689315570093,2.4288177109062703,2.1479651770212578,3.0930071678416424,3.523223786630238,4.28404904690152,5.056974788509951,5.690296391205124,6.519957772800745,6.503612044243587,7.387469172463469,6.947667429428682,6.27785669771232,7.169930284442194,8.076444482221635,7.7095909469444655,8.32997152207523,9.29791430007062,9.735202327391361,10.710462063137456,11.23077756293962,10.230968312134609,11.145619844988246,10.160012545565499,9.2526227405829,8.252862044197453,8.85547332449383,9.465972078020629,10.118173389099507,11.111151407943137,10.180211664573495,9.209144259766553,9.459730767129704,9.520330096616895,8.537421235959417,8.876346877214472,8.212592963684557,8.962230862600963,9.384443280347302,9.763531908309167,8.892256841021124,8.229098118877962,9.22788113744812,8.74400581653621,8.686744926598085,9.069426431544064,10.069241373384848,9.235752881197895,8.668301843293843,9.201592129872822,8.201616133201698,7.2022379023642635,6.207222494226789,6.9272610785411,6.293397128921732,5.302803793198516,4.792071595304992,4.0055962340294,4.160339921753942,5.037577272907099,6.0052225706695115,5.923473835474267,4.9644680696315815,4.175027936757226,4.978424564819456,5.468642288702764,5.869329821748423,6.750313704687422,6.618551552317218,7.606815759628149,8.20396948772272,9.202486484245394,8.833437130561503,8.469771858984787,8.166086863811767,9.028069043425493,8.814225532724997,7.858067510793467,7.214285975458727,6.8802865173011245,7.56983632772057,8.370220959930052,7.408797334369269,8.407897947296687,8.646873760577412,9.646870618814527,8.647743115130849,9.103250819135855,10.094957205645086,9.670688384092538,9.091983229866155,9.156684078588656,8.165982336070384,8.438947383660773,9.038475611366403,9.189340236645744,8.621954658680945,9.6168741390826,10.61455291915789,9.61564043268211,9.572848287154033,9.980543819437298,10.245606259268154,10.872777472031572,9.875331030423904,10.583270501998532,10.480379500301193,11.454953541475323,10.968514331070617,11.415551594870958,10.652992991155116,9.702439776256949,8.70764364361219,9.122208162931189,8.61103460823654,8.35310841846741,7.410341698695743,6.54202876655285,5.542721629523204,4.545970368216559,4.627458130808213,4.594774950703734,4.694486547679728,5.4868162503968785,6.225052282946598,6.292338051994304,6.00745484767607,7.007005442661516,7.235428052798588,8.184287160692802,7.894832404214309,8.660608940016038,9.430372934005176,9.087266126142747,10.083479023354021,9.939411083209922,9.488323093972701,10.39943149121945,11.259463170922382,12.254050762201105,13.027144341784753,13.079284617816448,13.908334811736868,13.34707657755919,12.568647749081203,11.745536079653217,12.480499165215234,12.529736706871004,13.422790033200913,12.52804598661579,11.732596957788822,11.87303425100203,11.66510222240525,12.33397245828675,13.32174955104069,12.671932019748809,12.004749342032007,12.063170893013476,11.631290235183904,11.731974533921408,11.825929908253588,11.912902511145765,12.487393460821721,11.636522792812645,10.655678244109701,11.475535886173988,12.113432749276082,11.156481806489607,11.893737610717144,10.949840496410674,11.883719154869173,11.042639880892517,10.489814523313433,9.725839661659258,9.016818759592265,8.202685897526429,7.783773709572088,8.306804248520269,7.385234565552732,6.51560633556978,6.626404474117491,7.409791300453902,7.64319174614573,6.955823422373674,7.506273171038025,6.930397072078671,6.039821341021911,5.448255995787158,6.421255323455071,6.46915167223997,5.718925165045545,4.911852428074907,5.902556938460278,6.886147253651477,6.827279907603677,6.353358099518116,7.310673809082981,6.737800401634802,7.14165335275648,6.6595525810690095,6.369247178257152,6.104396992641836,5.132520141595768,4.132544081332883,3.804346320739024,3.9905646606125615,3.5789295735816333,2.758731896234095,2.1615317904432225,3.0102761746818283,2.5276059929518935,2.666980303932496,2.815570688265492,2.5709516046249146,2.8562426111875174,3.852807729011471,4.236389979767581,5.18637258535616,4.980050430136264,4.222030921209867,3.900324318087127,4.701641803639741,4.940771950668808,3.9778535738555236,4.7946725345778525,4.89354409198644,5.877017230112567,6.723801017086718,5.804901545062648,5.115583738371511,5.812803467115478,]

[#################################]