[0,0.5,1.0,1.5,2.0,2.5,3.0,3.5,4.0,4.5,5.0,]

[2.4817708333333335,2.8681708441840277,3.0983953299345792,3.1355497705071795,2.957247647208783,2.549905473436579,1.9052811857050074,1.0183737402845483,-0.11385135029609494,-1.4932353245286205,-3.120895392227002,]

[0,0.2,0.4,0.6000000000000001,0.8,1.0,1.2,1.4,1.5999999999999999,1.7999999999999998,1.9999999999999998,2.1999999999999997,2.4,2.6,2.8000000000000003,3.0000000000000004,3.2000000000000006,3.400000000000001,3.600000000000001,3.800000000000001,4.000000000000001,4.200000000000001,4.400000000000001,4.600000000000001,4.800000000000002,]

[2.198733333333333,2.390324271111111,2.568816824901037,2.7293346284406423,2.867885238125302,2.9811999072944557,3.0666024040988806,3.1219016083158904,3.14530357678183,3.1353395484305104,3.09080699961834,3.0107213841541887,2.894276621253173,2.740812745707348,2.5497894220021293,2.3207642594405433,2.053375058012621,1.7473252724968664,1.402372111435601,1.0183167933693742,0.5949965692912853,0.13227819116441802,-0.3699474356206524,-0.9117696304571492,-1.4932615221096168,]

[0,0.08,0.16,0.24,0.32,0.4,0.48000000000000004,0.56,0.64,0.72,0.7999999999999999,0.8799999999999999,0.9599999999999999,1.0399999999999998,1.1199999999999999,1.2,1.28,1.36,1.4400000000000002,1.5200000000000002,1.6000000000000003,1.6800000000000004,1.7600000000000005,1.8400000000000005,1.9200000000000006,2.0000000000000004,2.0800000000000005,2.1600000000000006,2.2400000000000007,2.3200000000000007,2.400000000000001,2.480000000000001,2.560000000000001,2.640000000000001,2.720000000000001,2.800000000000001,2.8800000000000012,2.9600000000000013,3.0400000000000014,3.1200000000000014,3.2000000000000015,3.2800000000000016,3.3600000000000017,3.4400000000000017,3.520000000000002,3.600000000000002,3.680000000000002,3.760000000000002,3.840000000000002,3.920000000000002,4.000000000000002,4.080000000000002,4.160000000000002,4.240000000000002,4.320000000000002,4.400000000000002,4.480000000000002,4.560000000000002,4.640000000000002,4.720000000000002,4.8000000000000025,4.880000000000003,4.960000000000003,]

[2.0799163733333335,2.159343838716086,2.2378279299539385,2.3149491218617873,2.3903201438722377,2.4635835001836184,2.534409180568008,2.6024925471806446,2.667552383839092,2.7293290952808973,2.7875830448688497,2.84209302009949,2.8926548160888883,2.939079927965175,2.9811943437946735,3.018837430312252,3.0518609043207654,3.0801278831730388,3.103512008256239,3.1218966358659497,3.135174090288776,3.143244974310674,3.146017532735896,3.143407064840908,3.1353353820009837,3.1217303070164295,3.1025252119324263,3.0776585913929595,3.047073668796844,3.0107180327339034,2.9685433013732556,2.92050481265464,2.866561338298964,2.8066748198067524,2.7408101247539958,2.668934821824856,2.591018973140674,2.5070349425554763,2.4169572186904196,2.3207622515739867,2.2184283018418793,2.1099353015309674,1.9952647255759062,1.8743994731855589,1.7473237583396302,1.6140230087043157,1.4744837723196829,1.3286936314612645,1.1766411231242855,1.0183156656213503,0.8537074908235667,0.6828075816112171,0.5056076141334505,0.32209990450725645,0.1322773596144179,-0.0638665683186298,-0.26633792364887277,-0.47514228602121145,-0.6902848060972104,-0.9117702385368939,-1.1396029724447794,-1.3737870594751118,-1.6143262397762632,]

[-2.6,-2.58,-2.56,-2.54,-2.52,-2.5,-2.48,-2.46,-2.44,-2.42,-2.4,-2.38,-2.36,-2.34,-2.32,-2.3,-2.28,-2.26,-2.2399999999999998,-2.2199999999999998,-2.1999999999999997,-2.1799999999999997,-2.1599999999999997,-2.1399999999999997,-2.1199999999999997,-2.0999999999999996,-2.0799999999999996,-2.0599999999999996,-2.0399999999999996,-2.0199999999999996,-1.9999999999999996,-1.9799999999999995,-1.9599999999999995,-1.9399999999999995,-1.9199999999999995,-1.8999999999999995,-1.8799999999999994,-1.8599999999999994,-1.8399999999999994,-1.8199999999999994,-1.7999999999999994,-1.7799999999999994,-1.7599999999999993,-1.7399999999999993,-1.7199999999999993,-1.6999999999999993,-1.6799999999999993,-1.6599999999999993,-1.6399999999999992,-1.6199999999999992,-1.5999999999999992,-1.5799999999999992,-1.5599999999999992,-1.5399999999999991,-1.5199999999999991,-1.4999999999999991,-1.479999999999999,-1.459999999999999,-1.439999999999999,-1.419999999999999,-1.399999999999999,-1.379999999999999,-1.359999999999999,-1.339999999999999,-1.319999999999999,-1.299999999999999,-1.279999999999999,-1.259999999999999,-1.2399999999999989,-1.2199999999999989,-1.1999999999999988,-1.1799999999999988,-1.1599999999999988,-1.1399999999999988,-1.1199999999999988,-1.0999999999999988,-1.0799999999999987,-1.0599999999999987,-1.0399999999999987,-1.0199999999999987,-0.9999999999999987,-0.9799999999999986,-0.9599999999999986,-0.9399999999999986,-0.9199999999999986,-0.8999999999999986,-0.8799999999999986,-0.8599999999999985,-0.8399999999999985,-0.8199999999999985,-0.7999999999999985,-0.7799999999999985,-0.7599999999999985,-0.7399999999999984,-0.7199999999999984,-0.6999999999999984,-0.6799999999999984,-0.6599999999999984,-0.6399999999999983,-0.6199999999999983,-0.5999999999999983,-0.5799999999999983,-0.5599999999999983,-0.5399999999999983,-0.5199999999999982,-0.4999999999999982,-0.4799999999999982,-0.4599999999999982,-0.43999999999999817,-0.41999999999999815,-0.39999999999999813,-0.3799999999999981,-0.3599999999999981,-0.3399999999999981,-0.31999999999999806,-0.29999999999999805,-0.27999999999999803,-0.259999999999998,-0.23999999999999802,-0.21999999999999803,-0.19999999999999804,-0.17999999999999805,-0.15999999999999806,-0.13999999999999807,-0.11999999999999807,-0.09999999999999806,-0.07999999999999806,-0.059999999999998055,-0.03999999999999805,-0.01999999999999805,1.949829186997931e-15,0.02000000000000195,0.04000000000000195,0.060000000000001955,0.08000000000000196,0.10000000000000196,0.12000000000000197,0.14000000000000196,0.16000000000000195,0.18000000000000194,0.20000000000000193,0.22000000000000192,0.2400000000000019,0.2600000000000019,0.2800000000000019,0.30000000000000193,0.32000000000000195,0.34000000000000197,0.360000000000002,0.380000000000002,0.400000000000002,0.42000000000000204,0.44000000000000206,0.4600000000000021,0.4800000000000021,0.5000000000000021,0.5200000000000021,0.5400000000000021,0.5600000000000022,0.5800000000000022,0.6000000000000022,0.6200000000000022,0.6400000000000022,0.6600000000000023,0.6800000000000023,0.7000000000000023,0.7200000000000023,0.7400000000000023,0.7600000000000023,0.7800000000000024,0.8000000000000024,0.8200000000000024,0.8400000000000024,0.8600000000000024,0.8800000000000024,0.9000000000000025,0.9200000000000025,0.9400000000000025,0.9600000000000025,0.9800000000000025,1.0000000000000024,1.0200000000000025,1.0400000000000025,1.0600000000000025,1.0800000000000025,1.1000000000000025,1.1200000000000025,1.1400000000000026,1.1600000000000026,1.1800000000000026,1.2000000000000026,1.2200000000000026,1.2400000000000027,1.2600000000000027,1.2800000000000027,1.3000000000000027,1.3200000000000027,1.3400000000000027,1.3600000000000028,1.3800000000000028,1.4000000000000028,1.4200000000000028,1.4400000000000028,1.4600000000000029,1.4800000000000029,1.5000000000000029,1.520000000000003,1.540000000000003,1.560000000000003,1.580000000000003,1.600000000000003,1.620000000000003,1.640000000000003,1.660000000000003,1.680000000000003,1.700000000000003,1.720000000000003,1.740000000000003,1.7600000000000031,1.7800000000000031,1.8000000000000032,1.8200000000000032,1.8400000000000032,1.8600000000000032,1.8800000000000032,1.9000000000000032,1.9200000000000033,1.9400000000000033,1.9600000000000033,1.9800000000000033,2.000000000000003,2.020000000000003,2.040000000000003,2.060000000000003,2.080000000000003,2.100000000000003,2.120000000000003,2.1400000000000032,2.1600000000000033,2.1800000000000033,2.2000000000000033,2.2200000000000033,2.2400000000000033,2.2600000000000033,2.2800000000000034,2.3000000000000034,2.3200000000000034,2.3400000000000034,2.3600000000000034,2.3800000000000034,2.4000000000000035,2.4200000000000035,2.4400000000000035,2.4600000000000035,2.4800000000000035,2.5000000000000036,2.5200000000000036,2.5400000000000036,2.5600000000000036,2.5800000000000036,2.6000000000000036,2.6200000000000037,2.6400000000000037,2.6600000000000037,2.6800000000000037,2.7000000000000037,2.7200000000000037,2.7400000000000038,2.760000000000004,2.780000000000004,2.800000000000004,2.820000000000004,2.840000000000004,2.860000000000004,2.880000000000004,2.900000000000004,2.920000000000004,2.940000000000004,2.960000000000004,2.980000000000004,3.000000000000004,3.020000000000004,3.040000000000004,3.060000000000004,3.080000000000004,3.100000000000004,3.120000000000004,3.140000000000004,3.160000000000004,3.180000000000004,3.200000000000004,3.220000000000004,3.240000000000004,3.2600000000000042,3.2800000000000042,3.3000000000000043,3.3200000000000043,3.3400000000000043,3.3600000000000043,3.3800000000000043,3.4000000000000044,3.4200000000000044,3.4400000000000044,3.4600000000000044,3.4800000000000044,3.5000000000000044,3.5200000000000045,3.5400000000000045,3.5600000000000045,3.5800000000000045,3.6000000000000045,3.6200000000000045,3.6400000000000046,3.6600000000000046,3.6800000000000046,3.7000000000000046,3.7200000000000046,3.7400000000000047,3.7600000000000047,3.7800000000000047,3.8000000000000047,3.8200000000000047,3.8400000000000047,3.8600000000000048,3.880000000000005,3.900000000000005,3.920000000000005,3.940000000000005,3.960000000000005,3.980000000000005,4.000000000000004,4.020000000000004,4.040000000000004,4.060000000000003,4.080000000000003,4.100000000000002,4.120000000000002,4.1400000000000015,4.160000000000001,4.180000000000001,4.2,4.22,4.239999999999999,4.259999999999999,4.2799999999999985,4.299999999999998,4.319999999999998,4.339999999999997,4.359999999999997,4.379999999999996,4.399999999999996,4.4199999999999955,4.439999999999995,4.459999999999995,4.479999999999994,4.499999999999994,4.519999999999993,4.539999999999993,4.5599999999999925,4.579999999999992,4.599999999999992,4.619999999999991,4.639999999999991,4.65999999999999,4.67999999999999,4.6999999999999895,4.719999999999989,4.739999999999989,4.759999999999988,4.779999999999988,4.799999999999987,4.819999999999987,4.8399999999999865,4.859999999999986,4.879999999999986,4.899999999999985,4.919999999999985,4.939999999999984,4.959999999999984,4.9799999999999836,4.999999999999983,]

[5.650515224,5.672041981135936,5.694552321179083,5.718018847352324,5.742414705371077,5.767713572701221,5.79388964802973,5.820917640943809,5.848772761814384,5.877430711879929,5.906867673526628,5.937060300761021,5.967985709871288,5.999621470273461,6.031945595538896,6.064936534599402,6.098573163126532,6.132834775081563,6.167701074432814,6.203152167036952,6.239168552681078,6.27573111728238,6.31282112524224,6.350420211951751,6.388510376445625,6.427073974201569,6.466093710082239,6.505552631416956,6.545434121220409,6.585721891545644,6.626399976968664,6.667452728202049,6.708864805835029,6.75062117419752,6.792707095345651,6.835108123166394,6.877810097598923,6.920799138970401,6.964061642443929,7.007584272576427,7.051353957984278,7.095357886114606,7.139583498120074,7.184018483835189,7.228650776852064,7.273468549693695,7.318460209082818,7.363614391304434,7.4089199576601805,7.454365990012699,7.499941786418233,7.545636856845715,7.591440918980607,7.637343894111838,7.683335903100191,7.729407262426509,7.775548480318163,7.821750252952213,7.868003460733757,7.914299164647971,7.960628602684382,8.006983186331952,8.053354497143552,8.099734283368477,8.146114456651631,8.192487088798083,8.238844408601677,8.285178798736448,8.331482792709593,8.377749071874772,8.423970462504549,8.470139932920812,8.516250590682002,8.562295679826049,8.608268578167891,8.654162794650519,8.699971966748464,8.745689857922702,8.791310355125955,8.83682746635739,8.88223531826574,8.92752815379989,8.972700329905969,9.01774631527006,9.0626606881056,9.107438133984596,9.152073443711776,9.196561511240848,9.240897331632008,9.2850759990499,9.32909270480122,9.372942735411167,9.416621470737997,9.460124382124901,9.50344703058848,9.546585065043102,9.589534220560395,9.632290316663234,9.67484925565348,9.717207020972863,9.759359675596285,9.801303360456975,9.843034292902802,9.884548765183164,9.925843142965842,9.966913863883216,10.00775743610727,10.048370436952814,10.088749511508368,10.12889137129415,10.16879279294664,10.208450616929191,10.247861746268175,10.287023145314148,10.325931838527556,10.364584909288471,10.402979498729913,10.441112804594258,10.478982080112305,10.516584632904522,10.553917823904065,10.590979066301118,10.627765824508128,10.66427561314554,10.70050599604761,10.736454585287913,10.772119040224128,10.807497066561764,10.842586415436399,10.877384882514114,10.911890307109724,10.946100571322477,10.980013599188867,11.013627355852218,11.04693984674872,11.079949116809564,11.112653249678907,11.145050366947286,11.177138627400243,11.208916226281806,11.240381394572566,11.271532398282046,11.30236753775508,11.332885146991929,11.36308359298186,11.39296127504992,11.422516624216641,11.45174810257043,11.480654202652387,11.509233446853294,11.537484386822559,11.565405602888852,11.59299570349222,11.62025332462744,11.647177129298406,11.673765806983306,11.7000180731104,11.72593266854417,11.751508359081654,11.776743934958748,11.801638210366278,11.826190022975666,11.850398233473983,11.874261725108209,11.897779403238511,11.92095019490038,11.943773048375427,11.966246932770682,11.988370837606224,12.010143772410975,12.0315647663265,12.052632867718646,12.073347143796878,12.093706680241157,12.113710580836186,12.133357967112925,12.152647977997185,12.17157976946519,12.190152514205952,12.208365401290338,12.226217635846691,12.243708438742862,12.260837046274558,12.27760270985984,12.294004695739687,12.310042284684478,12.325714771706295,12.341021465776914,12.355961689551386,12.370534779097094,12.384740083628165,12.39857696524515,12.412044798679855,12.425142971045227,12.43787088159019,12.450227941459334,12.462213573457369,12.47382721181824,12.485068301978803,12.495936300357009,12.506430674134448,12.516550901043225,12.52629646915704,12.535666876686415,12.544661631777968,12.553280252317666,12.561522265737976,12.569387208828825,12.576874627552318,12.583984076861109,12.590715120520382,12.597067330933353,12.603040288970213,12.608633583800486,12.613846812728681,12.618679581033215,12.623131501808512,12.627202195810245,12.630891291303621,12.634198423914697,12.63712323648461,12.639665378926722,12.64182450808657,12.643600287604608,12.644992387781654,12.64600048544701,12.646624263829182,12.646863412429173,12.646717626896281,12.64618660890635,12.645270066042436,12.64396771167784,12.642279264861454,12.640204450205372,12.637742997774735,12.634894642979752,12.63165912646986,12.628036194029981,12.624025596478837,12.619627089569265,12.614840433890521,12.609665394772513,12.604101742191927,12.598149250680216,12.591807699233408,12.585076871223706,12.577956554312827,12.57044654036707,12.56254662537406,12.55425660936113,12.545576296315344,12.53650549410508,12.527044014403177,12.517191672611602,12.506948287787607,12.49631368257135,12.48528768311495,12.473870119012949,12.462060823234134,12.44985963205474,12.437266384992943,12.424280924744679,12.410903097120707,12.397132750984941,12.382969738193989,12.368413913537895,12.353465134682052,12.338123262110269,12.322388159068957,12.306259691512434,12.289737728049296,12.272822139889866,12.255512800794675,12.237809587023957,12.219712377288163,12.201221052699436,12.182335496724058,12.163055595135829,12.143381235970383,12.123312309480395,12.102848708091686,12.081990326360184,12.060737060929753,12.039088810490844,12.01704547573997,11.994606959339986,11.971773165881155,11.948544001842974,11.924919375556774,11.900899197169045,11.876483378605496,11.851671833535825,11.826464477339183,11.800861227070326,11.774862001426438,11.748466720714607,11.721675306819941,11.694487683174332,11.66690377472582,11.638923507908574,11.610546810613464,11.581773612159214,11.552603843264135,11.523037436018406,11.49307432385691,11.462714441532606,11.431957725090435,11.400804111841728,11.36925354033914,11.33730595035206,11.304961282842529,11.272219479941612,11.239080484926257,11.205544242196607,11.171610697253753,11.137279796677936,11.102551488107181,11.06742572021635,11.03190244269661,10.99598160623531,10.959663162496252,10.922947064100363,10.885833264606736,10.848321718494057,10.810412381142395,10.77210520881535,10.733400158642562,10.694297188602562,10.65479625750596,10.614897324978974,10.574600351447273,10.53390529812015,10.492812126975009,10.451320800742149,10.409431282889859,10.367143537609804,10.324457529802704,10.281373225064288,10.237890589671535,10.19400959056919,10.149730195356529,10.105052372274411,10.059976090192563,10.014501318597137,9.968628027578497,9.92235618781926,9.875685770582562,9.828616747700572,9.781149091563215,9.733282775107135,9.685017771804866,9.636354055654218,9.587291601167884,9.537830383363236,9.487970377752335,9.437711560332136,9.38705390757489,9.335997396418723,9.28454200425842,9.232687708936377,9.180434488733741,9.127782322361725,9.07473118895308,9.021281068053765,8.96743193961475,8.913183783984005,8.858536581898635,8.803490314477177,8.748044963212045,8.69220050996213,8.635956936945535,8.579314226732476,8.522272362238299,8.464831326716647,8.406991103752764,8.348751677256928,8.290113031458015,8.23107515089719,8.171638020421726,8.111801625178936,8.051565950610236,]

